1	United States	1997	36117
2	United States	1998	37251
3	United States	1999	38587
4	United States	2000	39775
5	United States	2001	39879
6	United States	2002	40192
7	United States	2003	40701
8	United States	2004	41709
9	United States	2005	42483
10	United States	2006	43220
11	United States	2007	43633
12	United States	2008	43079
13	United States	2009	41640
14	United States	2010	41764
15	United States	2011	42070
16	Alabama	1997	27996
17	Alabama	1998	28642
18	Alabama	1999	29518
19	Alabama	2000	29792
20	Alabama	2001	29955
21	Alabama	2002	30584
22	Alabama	2003	31079
23	Alabama	2004	32452
24	Alabama	2005	33064
25	Alabama	2006	33240
26	Alabama	2007	33349
27	Alabama	2008	32995
28	Alabama	2009	31746
29	Alabama	2010	31655
30	Alabama	2011	31301
31	Alaska	1997	60589
32	Alaska	1998	56896
33	Alaska	1999	55892
34	Alaska	2000	54362
35	Alaska	2001	56322
36	Alaska	2002	57692
37	Alaska	2003	55949
38	Alaska	2004	57955
39	Alaska	2005	56713
40	Alaska	2006	59044
41	Alaska	2007	59909
42	Alaska	2008	59057
43	Alaska	2009	63252
44	Alaska	2010	61040
45	Alaska	2011	61853
46	Arizona	1997	29917
47	Arizona	1998	31745
48	Arizona	1999	33505
49	Arizona	2000	34736
50	Arizona	2001	35267
51	Arizona	2002	35282
52	Arizona	2003	36315
53	Arizona	2004	36725
54	Arizona	2005	38186
55	Arizona	2006	39643
56	Arizona	2007	39708
57	Arizona	2008	38305
58	Arizona	2009	35754
59	Arizona	2010	34874
60	Arizona	2011	35032
61	Arkansas	1997	27406
62	Arkansas	1998	27569
63	Arkansas	1999	28784
64	Arkansas	2000	28845
65	Arkansas	2001	29058
66	Arkansas	2002	29674
67	Arkansas	2003	30360
68	Arkansas	2004	31194
69	Arkansas	2005	31724
70	Arkansas	2006	32107
71	Arkansas	2007	32014
72	Arkansas	2008	31701
73	Arkansas	2009	30979
74	Arkansas	2010	31211
75	Arkansas	2011	31142
76	California	1997	36567
77	California	1998	38453
78	California	1999	40832
79	California	2000	43262
80	California	2001	42702
81	California	2002	43066
82	California	2003	43936
83	California	2004	45594
84	California	2005	47225
85	California	2006	48522
86	California	2007	48789
87	California	2008	48259
88	California	2009	46029
89	California	2010	45581
90	California	2011	46041
91	Colorado	1997	39202
92	Colorado	1998	40576
93	Colorado	1999	42545
94	Colorado	2000	45101
95	Colorado	2001	45590
96	Colorado	2002	45525
97	Colorado	2003	45298
98	Colorado	2004	45778
99	Colorado	2005	46938
100	Colorado	2006	47261
101	Colorado	2007	47599
102	Colorado	2008	47659
103	Colorado	2009	46629
104	Colorado	2010	45551
105	Colorado	2011	45792
106	Connecticut	1997	49162
107	Connecticut	1998	50316
108	Connecticut	1999	51073
109	Connecticut	2000	54302
110	Connecticut	2001	54370
111	Connecticut	2002	53094
112	Connecticut	2003	53055
113	Connecticut	2004	55659
114	Connecticut	2005	56190
115	Connecticut	2006	58048
116	Connecticut	2007	59613
117	Connecticut	2008	58874
118	Connecticut	2009	57554
119	Connecticut	2010	55223
120	Connecticut	2011	56242
121	Delaware	1997	56254
122	Delaware	1998	56797
123	Delaware	1999	57793
124	Delaware	2000	59598
125	Delaware	2001	61663
126	Delaware	2002	59318
127	Delaware	2003	61751
128	Delaware	2004	63568
129	Delaware	2005	64780
130	Delaware	2006	64319
131	Delaware	2007	65476
132	Delaware	2008	61460
133	Delaware	2009	62207
134	Delaware	2010	62679
135	Delaware	2011	63159
136	District of Columbia	1997	116169
137	District of Columbia	1998	117449
138	District of Columbia	1999	122148
139	District of Columbia	2000	122096
140	District of Columbia	2001	128456
141	District of Columbia	2002	132630
142	District of Columbia	2003	136964
143	District of Columbia	2004	142535
144	District of Columbia	2005	146063
145	District of Columbia	2006	147172
146	District of Columbia	2007	149168
147	District of Columbia	2008	152167
148	District of Columbia	2009	147939
149	District of Columbia	2010	148605
150	District of Columbia	2011	148291
151	Florida	1997	31420
152	Florida	1998	32298
153	Florida	1999	33313
154	Florida	2000	34198
155	Florida	2001	34414
156	Florida	2002	34912
157	Florida	2003	35848
158	Florida	2004	36805
159	Florida	2005	38128
160	Florida	2006	38895
161	Florida	2007	38875
162	Florida	2008	37237
163	Florida	2009	35603
164	Florida	2010	34913
165	Florida	2011	34689
166	Georgia	1997	36520
167	Georgia	1998	37634
168	Georgia	1999	39329
169	Georgia	2000	40076
170	Georgia	2001	39875
171	Georgia	2002	39705
172	Georgia	2003	39793
173	Georgia	2004	40229
174	Georgia	2005	40685
175	Georgia	2006	40428
176	Georgia	2007	40505
177	Georgia	2008	39503
178	Georgia	2009	37124
179	Georgia	2010	37025
180	Georgia	2011	37270
181	Hawaii	1997	39701
182	Hawaii	1998	38778
183	Hawaii	1999	39148
184	Hawaii	2000	40143
185	Hawaii	2001	39385
186	Hawaii	2002	39966
187	Hawaii	2003	41139
188	Hawaii	2004	42542
189	Hawaii	2005	43992
190	Hawaii	2006	44992
191	Hawaii	2007	45348
192	Hawaii	2008	45163
193	Hawaii	2009	43515
194	Hawaii	2010	42620
195	Hawaii	2011	42171
196	Idaho	1997	25200
197	Idaho	1998	25806
198	Idaho	1999	27897
199	Idaho	2000	30332
200	Idaho	2001	29768
201	Idaho	2002	30028
202	Idaho	2003	30267
203	Idaho	2004	32138
204	Idaho	2005	34080
205	Idaho	2006	33680
206	Idaho	2007	34224
207	Idaho	2008	33553
208	Idaho	2009	31984
209	Idaho	2010	32559
210	Idaho	2011	32469
211	Illinois	1997	40028
212	Illinois	1998	40963
213	Illinois	1999	41961
214	Illinois	2000	43198
215	Illinois	2001	43145
216	Illinois	2002	43171
217	Illinois	2003	43941
218	Illinois	2004	44906
219	Illinois	2005	45166
220	Illinois	2006	46105
221	Illinois	2007	46593
222	Illinois	2008	45970
223	Illinois	2009	44565
224	Illinois	2010	44730
225	Illinois	2011	45231
226	Indiana	1997	33257
227	Indiana	1998	34697
228	Indiana	1999	35395
229	Indiana	2000	36427
230	Indiana	2001	35610
231	Indiana	2002	36441
232	Indiana	2003	37549
233	Indiana	2004	38305
234	Indiana	2005	38157
235	Indiana	2006	38252
236	Indiana	2007	39024
237	Indiana	2008	38082
238	Indiana	2009	36343
239	Indiana	2010	36699
240	Indiana	2011	36970
241	Iowa	1997	33444
242	Iowa	1998	33595
243	Iowa	1999	34288
244	Iowa	2000	35946
245	Iowa	2001	35186
246	Iowa	2002	36151
247	Iowa	2003	37420
248	Iowa	2004	40037
249	Iowa	2005	40567
250	Iowa	2006	40698
251	Iowa	2007	42439
252	Iowa	2008	41451
253	Iowa	2009	40831
254	Iowa	2010	41365
255	Iowa	2011	41993
256	Kansas	1997	33595
257	Kansas	1998	34593
258	Kansas	1999	35344
259	Kansas	2000	36347
260	Kansas	2001	36717
261	Kansas	2002	36908
262	Kansas	2003	37734
263	Kansas	2004	37645
264	Kansas	2005	38307
265	Kansas	2006	39390
266	Kansas	2007	40958
267	Kansas	2008	41059
268	Kansas	2009	39440
269	Kansas	2010	39438
270	Kansas	2011	39484
271	Kentucky	1997	31257
272	Kentucky	1998	31856
273	Kentucky	1999	32588
274	Kentucky	2000	31690
275	Kentucky	2001	31580
276	Kentucky	2002	32239
277	Kentucky	2003	32412
278	Kentucky	2004	32777
279	Kentucky	2005	33312
280	Kentucky	2006	33777
281	Kentucky	2007	33419
282	Kentucky	2008	33293
283	Kentucky	2009	32446
284	Kentucky	2010	32319
285	Kentucky	2011	32331
286	Louisiana	1997	37364
287	Louisiana	1998	38855
288	Louisiana	1999	39087
289	Louisiana	2000	37573
290	Louisiana	2001	38315
291	Louisiana	2002	38625
292	Louisiana	2003	40154
293	Louisiana	2004	41887
294	Louisiana	2005	43080
295	Louisiana	2006	44823
296	Louisiana	2007	42364
297	Louisiana	2008	41197
298	Louisiana	2009	42332
299	Louisiana	2010	45061
300	Louisiana	2011	45002
301	Maine	1997	29596
302	Maine	1998	30508
303	Maine	1999	31596
304	Maine	2000	32607
305	Maine	2001	33072
306	Maine	2002	33618
307	Maine	2003	33802
308	Maine	2004	34847
309	Maine	2005	34567
310	Maine	2006	34876
311	Maine	2007	34909
312	Maine	2008	34618
313	Maine	2009	33847
314	Maine	2010	33887
315	Maine	2011	33746
316	Maryland	1997	36081
317	Maryland	1998	37255
318	Maryland	1999	38458
319	Maryland	2000	39483
320	Maryland	2001	40674
321	Maryland	2002	41426
322	Maryland	2003	41991
323	Maryland	2004	43240
324	Maryland	2005	44371
325	Maryland	2006	44858
326	Maryland	2007	45463
327	Maryland	2008	45635
328	Maryland	2009	44915
329	Maryland	2010	45291
330	Maryland	2011	45360
331	Massachusetts	1997	40792
332	Massachusetts	1998	42346
333	Massachusetts	1999	44266
334	Massachusetts	2000	47369
335	Massachusetts	2001	48236
336	Massachusetts	2002	48140
337	Massachusetts	2003	48804
338	Massachusetts	2004	49861
339	Massachusetts	2005	50490
340	Massachusetts	2006	51194
341	Massachusetts	2007	51972
342	Massachusetts	2008	52488
343	Massachusetts	2009	50363
344	Massachusetts	2010	52043
345	Massachusetts	2011	52915
346	Michigan	1997	34803
347	Michigan	1998	35513
348	Michigan	1999	36729
349	Michigan	2000	37293
350	Michigan	2001	36265
351	Michigan	2002	37235
352	Michigan	2003	37610
353	Michigan	2004	37165
354	Michigan	2005	37335
355	Michigan	2006	36647
356	Michigan	2007	36828
357	Michigan	2008	35435
358	Michigan	2009	33834
359	Michigan	2010	33407
360	Michigan	2011	34166
361	Minnesota	1997	37733
362	Minnesota	1998	39319
363	Minnesota	1999	40589
364	Minnesota	2000	42803
365	Minnesota	2001	42707
366	Minnesota	2002	43377
367	Minnesota	2003	44537
368	Minnesota	2004	46061
369	Minnesota	2005	46560
370	Minnesota	2006	46274
371	Minnesota	2007	46025
372	Minnesota	2008	46310
373	Minnesota	2009	44679
374	Minnesota	2010	45573
375	Minnesota	2011	45822
376	Mississippi	1997	25675
377	Mississippi	1998	26163
378	Mississippi	1999	26710
379	Mississippi	2000	26678
380	Mississippi	2001	26612
381	Mississippi	2002	26814
382	Mississippi	2003	27591
383	Mississippi	2004	27842
384	Mississippi	2005	28046
385	Mississippi	2006	28598
386	Mississippi	2007	29718
387	Mississippi	2008	29945
388	Mississippi	2009	29099
389	Mississippi	2010	28596
390	Mississippi	2011	28293
391	Missouri	1997	34719
392	Missouri	1998	35332
393	Missouri	1999	35929
394	Missouri	2000	36522
395	Missouri	2001	36236
396	Missouri	2002	36648
397	Missouri	2003	37112
398	Missouri	2004	37377
399	Missouri	2005	37413
400	Missouri	2006	37161
401	Missouri	2007	37304
402	Missouri	2008	37595
403	Missouri	2009	35947
404	Missouri	2010	36028
405	Missouri	2011	35952
406	Montana	1997	26989
407	Montana	1998	27808
408	Montana	1999	28210
409	Montana	2000	28531
410	Montana	2001	29395
411	Montana	2002	29508
412	Montana	2003	30515
413	Montana	2004	31378
414	Montana	2005	32005
415	Montana	2006	32417
416	Montana	2007	33379
417	Montana	2008	32718
418	Montana	2009	31979
419	Montana	2010	32277
420	Montana	2011	32041
421	Nebraska	1997	35728
422	Nebraska	1998	35761
423	Nebraska	1999	36522
424	Nebraska	2000	38017
425	Nebraska	2001	38327
426	Nebraska	2002	38450
427	Nebraska	2003	40308
428	Nebraska	2004	40623
429	Nebraska	2005	41161
430	Nebraska	2006	42006
431	Nebraska	2007	43209
432	Nebraska	2008	43241
433	Nebraska	2009	43129
434	Nebraska	2010	43588
435	Nebraska	2011	43356
436	Nevada	1997	41644
437	Nevada	1998	42223
438	Nevada	1999	43519
439	Nevada	2000	43619
440	Nevada	2001	42393
441	Nevada	2002	41928
442	Nevada	2003	42721
443	Nevada	2004	44699
444	Nevada	2005	47189
445	Nevada	2006	47375
446	Nevada	2007	47688
447	Nevada	2008	45176
448	Nevada	2009	41663
449	Nevada	2010	41105
450	Nevada	2011	41311
451	New Hampshire	1997	33663
452	New Hampshire	1998	35721
453	New Hampshire	1999	36908
454	New Hampshire	2000	39310
455	New Hampshire	2001	38781
456	New Hampshire	2002	39427
457	New Hampshire	2003	40140
458	New Hampshire	2004	40955
459	New Hampshire	2005	41319
460	New Hampshire	2006	41619
461	New Hampshire	2007	41784
462	New Hampshire	2008	41646
463	New Hampshire	2009	40944
464	New Hampshire	2010	42325
465	New Hampshire	2011	42916
466	New Jersey	1997	43299
467	New Jersey	1998	43803
468	New Jersey	1999	44818
469	New Jersey	2000	46649
470	New Jersey	2001	47331
471	New Jersey	2002	47633
472	New Jersey	2003	48284
473	New Jersey	2004	49070
474	New Jersey	2005	49698
475	New Jersey	2006	50863
476	New Jersey	2007	51240
477	New Jersey	2008	51142
478	New Jersey	2009	48908
479	New Jersey	2010	48740
480	New Jersey	2011	48380
481	New Mexico	1997	30010
482	New Mexico	1998	30245
483	New Mexico	1999	31973
484	New Mexico	2000	32137
485	New Mexico	2001	32842
486	New Mexico	2002	33198
487	New Mexico	2003	33705
488	New Mexico	2004	35560
489	New Mexico	2005	35076
490	New Mexico	2006	35297
491	New Mexico	2007	35033
492	New Mexico	2008	34405
493	New Mexico	2009	35131
494	New Mexico	2010	34062
495	New Mexico	2011	33857
496	New York	1997	41123
497	New York	1998	42079
498	New York	1999	43933
499	New York	2000	45429
500	New York	2001	46957
501	New York	2002	46637
502	New York	2003	46621
503	New York	2004	48032
504	New York	2005	50278
505	New York	2006	52447
506	New York	2007	53239
507	New York	2008	52817
508	New York	2009	50988
509	New York	2010	51834
510	New York	2011	52214
511	North Carolina	1997	35248
512	North Carolina	1998	36050
513	North Carolina	1999	38139
514	North Carolina	2000	39145
515	North Carolina	2001	39049
516	North Carolina	2002	38932
517	North Carolina	2003	38910
518	North Carolina	2004	39283
519	North Carolina	2005	40776
520	North Carolina	2006	41528
521	North Carolina	2007	41694
522	North Carolina	2008	40342
523	North Carolina	2009	38947
524	North Carolina	2010	39553
525	North Carolina	2011	39879
526	North Dakota	1997	29765
527	North Dakota	1998	31587
528	North Dakota	1999	31732
529	North Dakota	2000	33087
530	North Dakota	2001	33707
531	North Dakota	2002	35455
532	North Dakota	2003	37456
533	North Dakota	2004	37245
534	North Dakota	2005	38186
535	North Dakota	2006	38889
536	North Dakota	2007	40491
537	North Dakota	2008	43513
538	North Dakota	2009	43894
539	North Dakota	2010	47186
540	North Dakota	2011	50096
541	Ohio	1997	35236
542	Ohio	1998	36290
543	Ohio	1999	36891
544	Ohio	2000	37762
545	Ohio	2001	36917
546	Ohio	2002	37671
547	Ohio	2003	37952
548	Ohio	2004	38623
549	Ohio	2005	38795
550	Ohio	2006	38385
551	Ohio	2007	38486
552	Ohio	2008	37837
553	Ohio	2009	36196
554	Ohio	2010	35915
555	Ohio	2011	36283
556	Oklahoma	1997	30004
557	Oklahoma	1998	30403
558	Oklahoma	1999	31122
559	Oklahoma	2000	31933
560	Oklahoma	2001	33077
561	Oklahoma	2002	33064
562	Oklahoma	2003	33259
563	Oklahoma	2004	34006
564	Oklahoma	2005	34003
565	Oklahoma	2006	35227
566	Oklahoma	2007	35699
567	Oklahoma	2008	36367
568	Oklahoma	2009	35528
569	Oklahoma	2010	35313
570	Oklahoma	2011	35381
571	Oregon	1997	30986
572	Oregon	1998	32219
573	Oregon	1999	32982
574	Oregon	2000	35351
575	Oregon	2001	34569
576	Oregon	2002	35789
577	Oregon	2003	36426
578	Oregon	2004	39110
579	Oregon	2005	39674
580	Oregon	2006	42962
581	Oregon	2007	43721
582	Oregon	2008	44991
583	Oregon	2009	42323
584	Oregon	2010	46324
585	Oregon	2011	48098
586	Pennsylvania	1997	34082
587	Pennsylvania	1998	35300
588	Pennsylvania	1999	36140
589	Pennsylvania	2000	36832
590	Pennsylvania	2001	36882
591	Pennsylvania	2002	37592
592	Pennsylvania	2003	38143
593	Pennsylvania	2004	38617
594	Pennsylvania	2005	38741
595	Pennsylvania	2006	39130
596	Pennsylvania	2007	39699
597	Pennsylvania	2008	39604
598	Pennsylvania	2009	38762
599	Pennsylvania	2010	38883
600	Pennsylvania	2011	39272
601	Rhode Island	1997	33527
602	Rhode Island	1998	34074
603	Rhode Island	1999	34860
604	Rhode Island	2000	36520
605	Rhode Island	2001	37625
606	Rhode Island	2002	38851
607	Rhode Island	2003	40255
608	Rhode Island	2004	41283
609	Rhode Island	2005	41360
610	Rhode Island	2006	42289
611	Rhode Island	2007	42107
612	Rhode Island	2008	41350
613	Rhode Island	2009	40654
614	Rhode Island	2010	41175
615	Rhode Island	2011	41532
616	South Carolina	1997	30379
617	South Carolina	1998	31106
618	South Carolina	1999	32007
619	South Carolina	2000	32507
620	South Carolina	2001	32498
621	South Carolina	2002	32692
622	South Carolina	2003	33342
623	South Carolina	2004	33053
624	South Carolina	2005	33237
625	South Carolina	2006	33057
626	South Carolina	2007	33384
627	South Carolina	2008	32375
628	South Carolina	2009	30814
629	South Carolina	2010	30540
630	South Carolina	2011	30620
631	South Dakota	1997	29985
632	South Dakota	1998	31823
633	South Dakota	1999	33390
634	South Dakota	2000	35526
635	South Dakota	2001	36387
636	South Dakota	2002	39093
637	South Dakota	2003	39754
638	South Dakota	2004	40207
639	South Dakota	2005	40801
640	South Dakota	2006	40590
641	South Dakota	2007	41716
642	South Dakota	2008	44144
643	South Dakota	2009	43980
644	South Dakota	2010	41850
645	South Dakota	2011	41795
646	Tennessee	1997	33149
647	Tennessee	1998	34058
648	Tennessee	1999	34872
649	Tennessee	2000	34732
650	Tennessee	2001	34821
651	Tennessee	2002	35625
652	Tennessee	2003	36082
653	Tennessee	2004	37151
654	Tennessee	2005	37476
655	Tennessee	2006	37867
656	Tennessee	2007	37376
657	Tennessee	2008	36988
658	Tennessee	2009	35036
659	Tennessee	2010	36116
660	Tennessee	2011	36543
661	Texas	1997	38217
662	Texas	1998	39795
663	Texas	1999	40726
664	Texas	2000	41662
665	Texas	2001	41998
666	Texas	2002	42251
667	Texas	2003	41670
668	Texas	2004	43242
669	Texas	2005	42628
670	Texas	2006	43558
671	Texas	2007	45009
672	Texas	2008	44050
673	Texas	2009	43401
674	Texas	2010	44077
675	Texas	2011	44788
676	Utah	1997	32394
677	Utah	1998	33771
678	Utah	1999	34421
679	Utah	2000	35485
680	Utah	2001	35498
681	Utah	2002	35194
682	Utah	2003	35290
683	Utah	2004	35738
684	Utah	2005	36924
685	Utah	2006	38318
686	Utah	2007	39144
687	Utah	2008	38541
688	Utah	2009	37112
689	Utah	2010	38252
690	Utah	2011	38452
691	Vermont	1997	28953
692	Vermont	1998	30119
693	Vermont	1999	31287
694	Vermont	2000	32753
695	Vermont	2001	33458
696	Vermont	2002	34103
697	Vermont	2003	34987
698	Vermont	2004	36249
699	Vermont	2005	36659
700	Vermont	2006	36988
701	Vermont	2007	36685
702	Vermont	2008	36798
703	Vermont	2009	35902
704	Vermont	2010	36518
705	Vermont	2011	36665
706	Virginia	1997	37687
707	Virginia	1998	39088
708	Virginia	1999	40644
709	Virginia	2000	41969
710	Virginia	2001	43228
711	Virginia	2002	43281
712	Virginia	2003	44298
713	Virginia	2004	45498
714	Virginia	2005	47096
715	Virginia	2006	47398
716	Virginia	2007	47351
717	Virginia	2008	47471
718	Virginia	2009	46792
719	Virginia	2010	46697
720	Virginia	2011	46408
721	Washington	1997	39377
722	Washington	1998	41098
723	Washington	1999	44019
724	Washington	2000	43844
725	Washington	2001	42656
726	Washington	2002	42564
727	Washington	2003	42882
728	Washington	2004	43072
729	Washington	2005	44653
730	Washington	2006	45647
731	Washington	2007	47355
732	Washington	2008	47116
733	Washington	2009	45282
734	Washington	2010	45225
735	Washington	2011	45520
736	West Virginia	1997	26011
737	West Virginia	1998	26614
738	West Virginia	1999	27676
739	West Virginia	2000	27421
740	West Virginia	2001	27723
741	West Virginia	2002	28013
742	West Virginia	2003	27919
743	West Virginia	2004	28363
744	West Virginia	2005	28544
745	West Virginia	2006	28838
746	West Virginia	2007	28559
747	West Virginia	2008	28454
748	West Virginia	2009	29139
749	West Virginia	2010	28771
750	West Virginia	2011	30056
751	Wisconsin	1997	34150
752	Wisconsin	1998	35267
753	Wisconsin	1999	36415
754	Wisconsin	2000	37062
755	Wisconsin	2001	37113
756	Wisconsin	2002	37548
757	Wisconsin	2003	38176
758	Wisconsin	2004	39011
759	Wisconsin	2005	39473
760	Wisconsin	2006	39937
761	Wisconsin	2007	40019
762	Wisconsin	2008	39374
763	Wisconsin	2009	38081
764	Wisconsin	2010	38521
765	Wisconsin	2011	38822
766	Wyoming	1997	42840
767	Wyoming	1998	43852
768	Wyoming	1999	46133
769	Wyoming	2000	46811
770	Wyoming	2001	50082
771	Wyoming	2002	50425
772	Wyoming	2003	50895
773	Wyoming	2004	51964
774	Wyoming	2005	51031
775	Wyoming	2006	54887
776	Wyoming	2007	55726
777	Wyoming	2008	57567
778	Wyoming	2009	61627
779	Wyoming	2010	56538
780	Wyoming	2011	55516
781	New England	1997	40104
782	New England	1998	41461
783	New England	1999	42842
784	New England	2000	45541
785	New England	2001	46059
786	New England	2002	45926
787	New England	2003	46438
788	New England	2004	47848
789	New England	2005	48291
790	New England	2006	49205
791	New England	2007	49939
792	New England	2008	49910
793	New England	2009	48418
794	New England	2010	48806
795	New England	2011	49534
796	Mideast	1997	40233
797	Mideast	1998	41199
798	Mideast	1999	42594
799	Mideast	2000	43882
800	Mideast	2001	44901
801	Mideast	2002	45103
802	Mideast	2003	45508
803	Mideast	2004	46592
804	Mideast	2005	47841
805	Mideast	2006	49092
806	Mideast	2007	49749
807	Mideast	2008	49530
808	Mideast	2009	48060
809	Mideast	2010	48483
810	Mideast	2011	48714
811	Great Lakes	1997	36063
812	Great Lakes	1998	37069
813	Great Lakes	1999	37996
814	Great Lakes	2000	38894
815	Great Lakes	2001	38333
816	Great Lakes	2002	38910
817	Great Lakes	2003	39497
818	Great Lakes	2004	40032
819	Great Lakes	2005	40219
820	Great Lakes	2006	40296
821	Great Lakes	2007	40617
822	Great Lakes	2008	39786
823	Great Lakes	2009	38258
824	Great Lakes	2010	38254
825	Great Lakes	2011	38722
826	Plains	1997	34848
827	Plains	1998	35737
828	Plains	1999	36590
829	Plains	2000	37996
830	Plains	2001	37915
831	Plains	2002	38559
832	Plains	2003	39559
833	Plains	2004	40452
834	Plains	2005	40865
835	Plains	2006	40977
836	Plains	2007	41635
837	Plains	2008	41862
838	Plains	2009	40638
839	Plains	2010	41037
840	Plains	2011	41260
841	Southeast	1997	32754
842	Southeast	1998	33661
843	Southeast	1999	34855
844	Southeast	2000	35313
845	Southeast	2001	35543
846	Southeast	2002	35858
847	Southeast	2003	36459
848	Southeast	2004	37249
849	Southeast	2005	38180
850	Southeast	2006	38644
851	Southeast	2007	38524
852	Southeast	2008	37671
853	Southeast	2009	36414
854	Southeast	2010	36503
855	Southeast	2011	36526
856	Southwest	1997	35397
857	Southwest	1998	36818
858	Southwest	1999	37936
859	Southwest	2000	38878
860	Southwest	2001	39371
861	Southwest	2002	39568
862	Southwest	2003	39422
863	Southwest	2004	40728
864	Southwest	2005	40542
865	Southwest	2006	41562
866	Southwest	2007	42585
867	Southwest	2008	41748
868	Southwest	2009	40845
869	Southwest	2010	41074
870	Southwest	2011	41589
871	Rocky Mountain	1997	34488
872	Rocky Mountain	1998	35702
873	Rocky Mountain	1999	37274
874	Rocky Mountain	2000	39189
875	Rocky Mountain	2001	39600
876	Rocky Mountain	2002	39564
877	Rocky Mountain	2003	39613
878	Rocky Mountain	2004	40332
879	Rocky Mountain	2005	41432
880	Rocky Mountain	2006	42094
881	Rocky Mountain	2007	42659
882	Rocky Mountain	2008	42480
883	Rocky Mountain	2009	41599
884	Rocky Mountain	2010	41232
885	Rocky Mountain	2011	41308
886	Far West	1997	37063
887	Far West	1998	38707
888	Far West	1999	40907
889	Far West	2000	42844
890	Far West	2001	42185
891	Far West	2002	42535
892	Far West	2003	43293
893	Far West	2004	44857
894	Far West	2005	46400
895	Far West	2006	47747
896	Far West	2007	48240
897	Far West	2008	47773
898	Far West	2009	45604
899	Far West	2010	45479
900	Far West	2011	45975
